24,1
24,3
14,4
58,35
3,2
3,1
3,3
10,108
10,100
10,244
10,30
10,124
10,34
10,82
10,1
10,84
10,2
10,3
11,12
11,26
11,25
11,19
11,20
11,4
11,1
11,17
11,2
11,3
9,7
9,6
9,1
9,4
9,2
9,3
8,4
8,8
8,17
8,13
8,14
8,5
8,7
8,1
8,15
8,2
8,3
12,2
12,1
12,3
20,2
20,1
20,3
19,2
19,1
19,3
51,3
51,2
51,1
51,0
49,5
49,4
49,3
49,2
49,1
49,0
48,4
48,3
48,2
48,1
48,0
47,5
47,4
47,3
18,1
47,2
47,1
18,3
47,0
46,4
46,3
46,2
46,1
46,0
45,4
45,3
14,1
45,2
14,5
45,1
14,3
45,0
44,5
44,4
44,3
13,1
44,2
44,1
13,3
44,0
43,5
43,4
43,3
43,2
43,1
43,0
28,4
28,1
28,3
27,1
2,2
27,3
0,574
0,523
